# Angulo_n: Time	Cd	Cd(f)	Cd(r)	Cl	Cl(f)	Cl(r)	CmPitch	CmRoll	CmYaw	Cs	Cs(f)	Cs(r)
Angulo_0.0: 2             	8.033945e-02	3.815112e-02	4.218833e-02	4.037203e-01	1.130934e-01	2.906268e-01	-8.876670e-02	-2.018601e-03	4.016972e-04	4.482764e-20	4.016972e-04	-4.016972e-04
Angulo_10.0: 2             	1.879874e-02	2.331943e-03	1.646680e-02	1.413485e+00	6.321393e-01	7.813459e-01	-7.460331e-02	-7.067426e-03	9.399369e-05	6.922945e-20	9.399369e-05	-9.399369e-05
Angulo_14.0: 2             	-8.578253e-02	-5.143566e-02	-3.434688e-02	1.708878e+00	7.937189e-01	9.151591e-01	-6.072009e-02	-8.544390e-03	-4.289127e-04	6.896668e-20	-4.289127e-04	4.289127e-04
